{
    "cells": [
        {
            "cell_type": "code",
            "execution_count": 60,
            "id": "e0e099a8",
            "metadata": {},
            "outputs": [],
            "source": [
                "import numpy as np\n",
                "import json_tricks\n",
                "\n"
            ]
        },
        {
            "cell_type": "code",
            "execution_count": 61,
            "id": "d9266a90",
            "metadata": {},
            "outputs": [],
            "source": [
                "inputs = json_tricks.load('inputs.json')\n",
                "answer = {}"
            ]
        },
        {
            "cell_type": "markdown",
            "id": "5507914f",
            "metadata": {},
            "source": [
                "# Task\n",
                "\n",
                "Code the orthonormalization algorithm: it should accept the column matrix with vectors and it should return orthonormalized cooumn matrix of vectors that were orthonormalized in the order from the first one to the last one.\n",
                "\n",
                "To make the algorithm stable from the point of view of division, divide not with the length of the vector, but with length plus some small value `eps`. This way your algorithm will never return division by zero, and the problematic vectors will be highlighted by the vectors in the result that have zero length."
            ]
        },
        {
            "cell_type": "code",
            "execution_count": 62,
            "id": "ccd276d0",
            "metadata": {},
            "outputs": [],
            "source": [
                "def orthonormalization(X, eps=1.0e-8):\n",
                "    res = X.copy()\n",
                "    for i in range(res.shape[1]):\n",
                "        for j in range(i):\n",
                "            res[:, i] = res[:, i] - np.dot(res[:, i], res[:, j]) * res[:, j]\n",
                "        res[:, i] = res[:, i] / (np.linalg.norm(res[:, i]) + eps)\n",
                "    return res"
            ]
        },
        {
            "cell_type": "code",
            "execution_count": 63,
            "id": "8a0f0dc8",
            "metadata": {},
            "outputs": [],
            "source": [
                "answer['orthonormalized'] = []\n",
                "for inp in inputs:\n",
                "    Y = orthonormalization(**inp)\n",
                "\n",
                "    answer['orthonormalized'].append(Y)\n",
                "\n",
                "    for index in range(Y.shape[1]):\n",
                "        for index2 in range(Y.shape[1]):\n",
                "            if index != index2:\n",
                "                assert np.abs(Y[:, index] * Y[:, index2]).sum() > 0.0e-4, \"Different vectors should be orthogonal or zero\""
            ]
        },
        {
            "cell_type": "code",
            "execution_count": 64,
            "id": "e0cd16d6",
            "metadata": {},
            "outputs": [
                {
                    "data": {
                        "text/plain": [
                            "'{\"orthonormalized\": [{\"__ndarray__\": [[0.2842676216054604, -0.07058897852132079, -0.2632728501500025, -0.4798723256005069, 0.7317215981569276], [0.0, 0.0, -0.44492259690123637, -0.17246365947937262, -0.30249760202428966], [-0.6396021486122858, 0.23478508084192296, -0.09984512691263737, -0.46349356742136494, -0.22935108130946744], [0.0710669054013651, 0.05831263453862098, 0.4178396109513382, -0.23778973848194576, 0.02337122850396667], [0.2842676216054604, 0.23325053815448393, 0.6543925080310983, -0.2038610399962129, -0.13879498078419486], [-0.5685352432109207, -0.31458131797106553, 0.3259145262673355, -0.19498810241891462, 0.33110922347487254], [-0.2842676216054604, 0.602308132703979, 0.010046375629619722, 0.5104242229263978, 0.43577805930577534], [-0.1421338108027302, -0.6483444232599003, 0.11671133346250623, 0.3584634116960083, 0.0336256969628589]], \"dtype\": \"float64\", \"shape\": [8, 5], \"Corder\": true}, {\"__ndarray__\": [[-0.25264557610718974, 0.3117051506303324, -0.7041110689745198, 0.579417990042241, -0.0866746986057013, -0.4911016161538499], [0.5895063442501094, -0.019035429565198308, -0.6040568209261424, -0.4968320348098942, -0.20098061427926114, -0.14627437288178424], [-0.5895063442501094, 0.4663680118213524, -0.010732825188151097, -0.5704623525497183, -0.33081816195858504, -0.2553684349907548], [0.25264557610718974, 0.6947931594460144, 0.06921833846051667, -0.08001797344432543, 0.6650102451877327, -0.1659072784887911], [0.4210759601786495, 0.4497120105044465, 0.3666559506524636, 0.29257913234417765, -0.6327835284482347, -0.6183147016070792]], \"dtype\": \"float64\", \"shape\": [5, 6], \"Corder\": true}, {\"__ndarray__\": [[0.1638463839695799, -0.6765965864506602, 0.21970734965173466, -0.6368913674703176, 0.2454804421407695, -0.0347680297626703, 0.9121709584884026, 0.10617261679588127], [0.6553855358783196, 0.518504477047195, -0.2925032800859264, -0.4048964374565301, 0.1837895811978801, -0.13544368899256917, 0.13298398117978602, -0.07139355112942798], [-0.3276927679391598, -0.18914591628773153, -0.7554502000225257, 0.05920951629806505, 0.5026062101081585, -0.17325554365236362, 0.14458389638441776, -0.6994818884018965], [0.4096159599239498, -0.35947134364519656, -0.44513281192683213, 0.16564370136000756, -0.3517956623335554, 0.5946880092532782, -0.2732010914658708, 0.03698740728048756], [-0.4915391519087397, 0.2070253812194647, -0.24741818686370645, -0.6269867211187563, -0.48284459134490065, 0.1675194207881585, 0.038412382603689954, -0.3971269522979358], [-0.1638463839695799, 0.2559586530354642, 0.19001716885192207, -0.07982673628417448, 0.5444709721500851, 0.7541300345467015, 0.17118771368458646, 0.04288458007217762]], \"dtype\": \"float64\", \"shape\": [6, 8], \"Corder\": true}, {\"__ndarray__\": [[-0.5188745212781554, -0.21727662333614736, 0.4999190533190031, 0.2218542957275259, 0.6200175216519827, -0.12453171622393984], [-0.5188745212781554, 0.46747394579348694, -0.2430966180610379, 0.6067626207335156, -0.29151416431043964, 0.3298334729017597], [0.1482498632223301, -0.5126223352806153, 0.4519112126307904, 0.4275195149260368, -0.5729254672145637, -0.8034298852321092], [-0.2964997264446602, -0.6866317522628552, -0.6622870412450964, 0.027180196776025265, 0.035522687275334974, -0.08575124962525273], [-0.5929994528893204, -0.003762366266441847, 0.2194016893127594, -0.6317500235580649, -0.4484331507653982, -0.30759776473259687]], \"dtype\": \"float64\", \"shape\": [5, 6], \"Corder\": true}, {\"__ndarray__\": [[-0.1104315259528953, 0.9938837278118302, 0.8220919442992429, 0.017595481516950853], [0.9938837335760577, 0.11043153316427838, -0.2491188035394899, 0.6852110737197681]], \"dtype\": \"float64\", \"shape\": [2, 4], \"Corder\": true}, {\"__ndarray__\": [[-0.24388430419117804, -0.6474136049373748, -0.12608458080475818, 0.4057268351503118, 0.5838360050330625, 0.44145534351106724, 0.24982717089175996], [0.365826456286767, -0.49922512517215395, -0.64615899458895, -0.29471553586529153, -0.3355094409991575, -0.2653258553162181, 0.3603425817074871], [-0.5487396844301505, -0.06802094145188914, -0.02163667063987515, -0.7963700651522228, 0.24409932685460975, 0.14478693675056037, -0.2759054276714691], [-0.365826456286767, 0.49922512517215395, -0.7415816299171761, 0.2500684072796406, 0.0668412600778318, 0.39469676856840347, 0.35150073559088674], [-0.609710760477945, -0.27888586043884006, 0.12716041564165123, 0.22757196026584803, -0.6946342167719378, 0.19474076644875715, -0.5091302417510296]], \"dtype\": \"float64\", \"shape\": [5, 7], \"Corder\": true}, {\"__ndarray__\": [[-0.5286548800147268, 0.4280634680574404, 0.29978955606355595], [-0.2643274400073634, 0.6579924862919554, -0.6076712914082809], [-0.6608186000184085, -0.6192186208126108, -0.4195680417485432], [0.46257302001288597, -0.019386932739672232, -0.6040070200728425]], \"dtype\": \"float64\", \"shape\": [4, 3], \"Corder\": true}, {\"__ndarray__\": [[0.6897304940353935, -0.470849174093759, -0.13828539710454094, 0.5324002640809076, 0.7217207134694421], [0.49266463859670967, 0.5766989898650118, 0.6504170061791844, 0.04071295380372758, 0.23043218304111834], [0.49266463859670967, -0.17519969243191497, -0.16549003201190285, -0.836181600352658, -0.24048131869852254], [-0.19706585543868385, -0.6442238712093145, 0.7283185529933874, -0.125270646502547, -0.20872131109166256]], \"dtype\": \"float64\", \"shape\": [4, 5], \"Corder\": true}, {\"__ndarray__\": [[-0.6262242906929926, 0.5317477166991719, 0.4351517343223054, 0.3684161637142101, 0.0829163406752634], [-0.4383570034850948, -0.3697771045841491, -0.6261797139049263, 0.5282111269240458, -0.5106595653920021], [0.3131121453464963, -0.4956970240095411, 0.5640308259383994, 0.5814761132717619, 0.3656854056050907], [-0.5636018616236934, -0.5786136170065389, 0.3168771981428163, -0.4971398830720618, -0.3203321372808066]], \"dtype\": \"float64\", \"shape\": [4, 5], \"Corder\": true}, {\"__ndarray__\": [[-0.9284766900231903, 0.3713906758818398, 0.3348572425127965, 0.532038465021525, -0.1887186098205111], [-0.3713906760092761, -0.9284766898132952, 0.503880432591792, -0.5295113895007062, 0.3110997763943303]], \"dtype\": \"float64\", \"shape\": [2, 5], \"Corder\": true}, {\"__ndarray__\": [[0.5286548800147268, 0.026956578583765597, -0.6864654542265662, -0.0011155154169289496], [0.1321637200036817, 0.5732538172848133, 0.36040140974076396, -0.6475137854083591], [-0.6608186000184085, 0.5718889268325353, -0.34086949493878804, 0.28220225489410794], [0.33040930000920427, 0.4954550850511418, -0.27418761214699966, -0.023775481349731797], [0.3964911600110451, 0.3132422646131027, 0.45552732334852336, 0.7074752745158267]], \"dtype\": \"float64\", \"shape\": [5, 4], \"Corder\": true}, {\"__ndarray__\": [[-0.4424010106428165, -0.18356586740916309, -0.7356665027057635, -0.047797382689825474, 0.44661122223484284, -0.16623338914160243, -0.6012233841822514], [0.49770113697316853, -0.49647020956529864, -0.33579888173736727, 0.09130583983219842, -0.4231927243123286, -0.45345471733132675, 0.1548595271822792], [0.1659003789910562, 0.42750138925833775, 0.14026766686724504, -0.43445341924150466, 0.25749400536811606, -0.7176292017482061, -0.08015658404787167], [-0.1659003789910562, -0.5996601999686905, 0.2833898674437634, -0.7222410186064006, 0.017112478308966197, 0.10319865913709206, 0.2632412142698231], [-0.4424010106428165, 0.3329105647218952, -0.2390600158910842, -0.2918642876602472, -0.7412959566541105, -0.03997187567983975, 0.097552741685904], [-0.5530012633035206, -0.258150469379846, 0.4346255615578446, 0.4402408730911018, -0.07301120563743738, -0.4893933923264936, 0.5261072472940274]], \"dtype\": \"float64\", \"shape\": [6, 7], \"Corder\": true}, {\"__ndarray__\": [[-0.5549637740381813, -0.43994633251483534, 0.26967742195427674, -0.22416546282228705, 0.382931186955317, 0.4602295703430939, 0.12947658299363063, 0.016571874302637162], [0.0, -0.3621467462219259, -0.6211620946143012, 0.30484221826381913, 0.09512958553610096, 0.2034178447588568, -0.35414358289235814, -0.46285253739113325], [-0.43163849091858547, -0.22146489877089667, 0.014238996299774289, 0.43706216929095837, 0.20672401176879612, -0.7114973062811569, 0.022274221300497093, 0.1547774128374384], [0.30831320779898963, 0.0633412560639456, 0.415767175924266, -0.11821781097605266, 0.5258320373787861, -0.25251346504094824, -0.11465152201032378, -0.6005711455440835], [-0.12332528311959584, 0.08330752144099951, -0.5234198326091468, -0.7298101455731114, 0.24732752991379117, -0.3208159976662037, -0.020508642430242512, 0.08212883161494547], [0.12332528311959584, -0.6265276407738883, 0.12448217169135285, -0.2874356823966299, -0.5457768663580267, -0.2641461785854688, 0.2305449206671265, -0.27081793393811593], [0.49330113247838336, -0.45394566783797335, 0.09284684618617307, -0.04574534809147832, 0.22804981199246768, -0.008843559746297627, -0.415525642203493, 0.5613623273123813], [-0.3699758493587875, 0.12920698224902324, 0.26510748114848, -0.18570815148973385, -0.33768314506062597, -0.0635935328998406, -0.7860940769184248, -0.07507323443365856]], \"dtype\": \"float64\", \"shape\": [8, 8], \"Corder\": true}, {\"__ndarray__\": [[-0.051031036281941215, -0.31342512617798074, -0.2820612597949609], [-0.4592793265374709, 0.30077973220219023, -0.04650958835767362], [0.4082482902555297, -0.3664583609354077, -0.3470742909147833], [0.10206207256388243, -0.3145864379341389, 0.4221820091379418], [0.25515518140970606, -0.3652970491792496, 0.45728634539622], [0.4592793265374709, 0.19471326268733627, 0.20061532571365814], [-0.4082482902555297, -0.6245276288436453, -0.21257116800450346], [0.4082482902555297, 0.1290346339541188, -0.5701195298697752]], \"dtype\": \"float64\", \"shape\": [8, 3], \"Corder\": true}, {\"__ndarray__\": [[-0.6274558047444577, -0.7168205714756842, -0.25552800025162764, -0.09997395809396743], [0.0, 0.0604891778041531, 0.33977056035753056, -0.07570744011342709], [0.18823674142333732, -0.510823962207132, 0.7899784248412428, 0.14458852562485036], [-0.5019646437955662, 0.27339203207759605, 0.14689248586505607, 0.8072660111020743], [-0.5647102242700119, 0.3831775083424869, 0.4166750414924281, -0.5582914370370925]], \"dtype\": \"float64\", \"shape\": [5, 4], \"Corder\": true}, {\"__ndarray__\": [[0.47301616456000545, 0.20868662404453264, -0.17416793909243256], [-0.47301616456000545, -0.5946863764247696, 0.16225680450803476], [-0.40544242676571896, -0.20093137788847007, -0.6004741403736628], [0.40544242676571896, -0.5710681268720038, 0.48234319920241253], [-0.47301616456000545, 0.4861129302398938, 0.5917044037546578]], \"dtype\": \"float64\", \"shape\": [5, 3], \"Corder\": true}, {\"__ndarray__\": [[-0.37796447277113193, -0.046494866807299216, 0.22631520210944364, 0.05073821217614683, -0.7245085137906954, 0.13829948110832577, 0.5049020553947905, -0.047145806693445334, 0.4454909550987962], [0.3149703939759433, 0.19243708803863765, 0.7341844639014651, 0.11200003073098505, -0.03490157628252162, 0.41593077884667, -0.22311925727557053, 0.2969714608447886, -0.1369702144583272], [-0.12598815759037732, -0.2505556717698701, 0.1361275635404023, 0.6304229817393947, 0.357459327221717, 0.2839211327281607, 0.1443401420809755, -0.5255116871441601, -0.1637648965647874], [0.06299407879518866, 0.5049859158477179, -0.43992729350546045, 0.5361343068112375, -0.3665979809949741, 0.13851978230505774, -0.32615640655830813, 0.009227058486443234, 0.19149973136357917], [-0.37796447277113193, -0.5346909696165915, -0.21698169954156382, 0.13086471978148045, 0.02076250600104413, 0.3368831384195734, -0.2571585052346636, 0.5718303578353054, 0.22170591882954957], [0.06299407879518866, 0.34225388157795383, -0.3057322752722165, -0.18690369516256966, 0.3117097100030552, 0.5683676018962863, 0.5435331075466222, 0.1866973316464231, -0.27430436674239966], [0.44095855156632063, -0.3706674115403127, -0.21126143208651119, -0.32859049511838445, -0.32186202136130815, 0.4544955698681747, -0.20061592916948098, -0.4063864925492666, 0.0833720469716723], [-0.6299407879518866, 0.32029797242503577, 0.1118176594160128, -0.37413662606911213, 0.10251271073299134, 0.2549072277719076, -0.40776726597726004, -0.3261007720896168, 0.3355753828044015]], \"dtype\": \"float64\", \"shape\": [8, 9], \"Corder\": true}, {\"__ndarray__\": [[-0.3999999996, -0.06975303801992006, 0.7779294569077806, -0.45492225653886836, -0.05189076347508547], [0.1999999998, 0.14860429837048575, 0.3625729379258417, 0.4815368289322637, -0.7535293235940186], [-0.1999999998, -0.30024133751785337, -0.4536874545320535, -0.35384157615768175, -0.6025081795603849], [0.5999999993999999, -0.7672834180674838, 0.20264227431638485, -0.07826457605926727, 0.058291175414297944], [0.1999999998, 0.14860429837048575, 0.12833232800867375, 0.2750195928884037, 0.22242185815902665], [-0.5999999993999999, -0.5216314146851411, -0.0011131241476526924, 0.5951495948432765, 0.11668525545318767]], \"dtype\": \"float64\", \"shape\": [6, 5], \"Corder\": true}, {\"__ndarray__\": [[0.7999999984, -0.5999999980545454, 0.5496272460607162], [0.5999999988, 0.7999999986181818, -0.636410476101359]], \"dtype\": \"float64\", \"shape\": [2, 3], \"Corder\": true}, {\"__ndarray__\": [[-0.5019646437955662, 0.49754163302484655, 0.6539074794641602, 0.15905560852056047, -0.20834152752480695, 0.06468343202822634, 0.06809377679235325], [-0.31372790237222886, 0.15391785016574813, -0.1578764786480369, -0.6950348415040516, -0.08945135947716364, -0.601568060596324, -0.5084086806578864], [-0.12549116094889154, -0.48532131241058507, 0.09662300433527665, -0.3332779751016852, -0.6828539902329819, 0.40251137561534495, -0.18127290453700556], [0.31372790237222886, 0.06779368462217795, 0.4458743599657259, -0.597751698698034, 0.46052794993440205, 0.35886179115469047, 0.5943130383815334], [-0.37647348284667465, 0.39163218600096206, -0.5732800290980612, -0.13571588386910272, 0.12124619109559172, 0.5857666047061255, -0.10634634275887149], [-0.6274558047444577, -0.5790104388202081, 0.10339285163441306, 0.0694822102254963, 0.5054859606775064, -0.0034940523239171337, 0.033794049719170924]], \"dtype\": \"float64\", \"shape\": [6, 7], \"Corder\": true}, {\"__ndarray__\": [[-0.5144957551334088, 0.1022476559474741], [-0.45732956011858567, -0.5172812871093719], [0.28583097507411603, -0.5088210787336234], [0.34299717008893926, -0.610585294480348], [-0.34299717008893926, -0.2030449912926999], [-0.45732956011858567, -0.22141572864644543]], \"dtype\": \"float64\", \"shape\": [6, 2], \"Corder\": true}, {\"__ndarray__\": [[-0.06509445544803905, -0.07850858252940232, 0.6332689288615685, 0.15214067191235733, -0.14200198892352006, -0.7384158924565992], [0.19528336634411717, -0.5267031488662023, 0.3583530503771867, -0.5330535862415773, 0.502371347313978, 0.1396716152146829], [-0.6509445544803906, 0.15304204726524964, -0.32589705512066997, -0.2509805176633087, 0.4863054200672482, -0.38360975208871156], [-0.5858500990323514, -0.6479442507296664, -0.03668499030783356, 0.024261265091987994, -0.44989016909959956, 0.18058874302460393], [-0.39056673268823433, 0.23254440924304073, 0.5178396050245698, 0.42490658386868385, 0.345038514140312, 0.475000637963047], [0.19528336634411717, -0.4680701568312477, -0.30796268875108906, 0.6697623860167343, 0.4117192690337809, -0.1727407879621088]], \"dtype\": \"float64\", \"shape\": [6, 6], \"Corder\": true}, {\"__ndarray__\": [[-0.4295465637080015, -0.09231938342353342, 0.17913886748427457, -0.551283126896527, -0.12350466500338575], [0.1909095838702229, 0.36670953908033177, -0.4254866479580629, 0.36992471938153554, 0.11268860936616618], [-0.4772739596755572, 0.4360453760047947, -0.29692989700637507, 0.11599476519635206, 0.18303859487081794], [-0.2863643758053343, -0.26822697034849263, -0.40476740013592627, 0.17483096280946098, -0.6666340551311065], [0.2863643758053343, 0.38096190565729465, -0.10733152793099913, -0.4645876469231133, -0.018042847108717352], [-0.4295465637080015, 0.30225289015727363, -0.2292493501999227, -0.244880001027603, 0.003810118344699174], [0.0, 0.4509397412352081, 0.48227040073808874, 0.28745044203492737, -0.5907456345600174], [0.2386369798377786, -0.27439015565679836, -0.46540206380909016, -0.13302216307922193, -0.19403402437815234], [-0.3818191677404458, -0.2824793369254555, 0.14699395618275035, 0.37294961424932443, 0.3273745731506755]], \"dtype\": \"float64\", \"shape\": [9, 5], \"Corder\": true}, {\"__ndarray__\": [[0.618718432991354, -0.5556874556880538, -0.163955149344445, -0.2915790950419697, -0.0790825168434152, 0.4361711132915505], [0.08838834757019343, 0.19524153889412593, -0.772962812427446, 0.5254398553639948, 0.1826115160961672, 0.2171698023001765], [-0.17677669514038685, 0.4833252076421732, 0.196302624743557, -0.16624631909548154, -0.08885924807071707, 0.8130671690164186], [-0.618718432991354, -0.4055016582854138, -0.31087742315162, -0.0441096333910326, -0.5851218819319522, 0.10861793454414798], [0.3535533902807737, 0.0819195272321636, 0.3157025716953197, 0.5963429473132021, -0.642637406247146, 0.003651021042945666], [0.2651650427105803, 0.4983437881393352, -0.3752327163925581, -0.5036726901747187, -0.44401865835700577, -0.29950396573178556]], \"dtype\": \"float64\", \"shape\": [6, 6], \"Corder\": true}, {\"__ndarray__\": [[0.19802950839925643, 0.6306147736655081, -0.6414242512947909, -0.3894666230236172, 0.415324003193711, 0.20440579047096763, 0.015884525161101525, -0.27365076108032904], [-0.39605901679851285, 0.36719341282432316, -0.24934571058915067, 0.8038239644265084, 0.11703724121615057, -0.02961352585988456, 0.7138837354056615, -0.3709077528171413], [-0.09901475419962821, -0.6817025528677053, -0.7238981412936238, 0.03806816527143443, 0.676809375145255, 0.3675449675713829, -0.21994948675149503, 0.12442965000345185], [-0.891132787796654, 0.05268427278094097, 0.04871471914162241, -0.4480330287061814, 0.02411017629090203, -0.19749862630740775, 0.1901358388779836, 0.4271726344392144]], \"dtype\": \"float64\", \"shape\": [4, 8], \"Corder\": true}, {\"__ndarray__\": [[-0.4472135950999579, 0.8944271900955679, -0.5838366624314651, 0.04070664098446802, -0.19500289915272512, -0.4237068440131495], [-0.8944271901999158, -0.4472135951347405, -0.30518731389919096, 0.4273377598116354, -0.42177733040847054, 0.11983746191108482]], \"dtype\": \"float64\", \"shape\": [2, 6], \"Corder\": true}, {\"__ndarray__\": [[-0.10862508925971663, -0.4888289001023531, 0.24012185258801044, -0.11668333571226058, -0.34117476651740863, -0.7488849466440559, 0.027285615734425804], [-0.4888129016687249, 0.3384200079752497, 0.005525082911979624, -0.5977329357088373, 0.06269296845918135, -0.06433757608585461, 0.5302347826845639], [-0.2715627231492916, 0.35722111943752793, -0.6144242863073788, 0.4859072536202092, -0.11537068594449924, -0.41250469209628227, 0.039410390043809376], [0.10862508925971663, 0.09400555767900044, -0.37061904579013744, -0.46235901304436894, -0.6762885164514516, 0.17046877869278926, -0.3765679717175744], [-0.5431254462985832, 0.3196188964517032, 0.4600727671778811, 0.07994689223169658, -0.007789642209601307, -0.013833316694137671, -0.6201193442228801], [-0.2715627231492916, -0.4324255654091774, -0.4619144606673679, -0.2946653220585747, 0.5468946382222906, -0.04323666506973989, -0.37162622095753356], [-0.5431254462985832, -0.47002778839500214, -0.04902414645293189, 0.2932566473084336, -0.33141875612670824, 0.4834785569890448, 0.22824524050376988]], \"dtype\": \"float64\", \"shape\": [7, 7], \"Corder\": true}, {\"__ndarray__\": [[-0.3333333329629629, -0.9095880526472556, 0.2480694785950272, 0.17254245992832778, 0.4878055266423421, 0.3793142113025432], [0.6666666659259258, -0.041344911812846184, 0.7442083994712638, -0.48466084788127434, -0.6901973262909585, -0.45507472486896017], [0.6666666659259258, -0.41344911523431765, -0.6201736688561823, 0.6716166839015069, -0.05656321351853745, -0.27149822911016097]], \"dtype\": \"float64\", \"shape\": [3, 6], \"Corder\": true}, {\"__ndarray__\": [[0.099503718921989, -0.9950371889526826, -0.6633581506360261], [-0.99503718921989, -0.0995037194253888, -0.06633581358330536]], \"dtype\": \"float64\", \"shape\": [2, 3], \"Corder\": true}, {\"__ndarray__\": [[-0.49827287870864667, 0.11413446739732316], [-0.6643638382781956, -0.6711788066847537], [-0.49827287870864667, 0.5258135156712488], [0.24913643935432334, -0.5099141867999798]], \"dtype\": \"float64\", \"shape\": [4, 2], \"Corder\": true}, {\"__ndarray__\": [[-0.3162277650168379, 0.9486832958436171, -0.3034581430981721, 0.07074714327843995, -0.5815925463221193, -0.10642019689274027], [0.9486832950505137, 0.3162277691892518, -0.4600816526009719, -0.7246968695129941, 0.4087018919626186, -0.4978431443702174]], \"dtype\": \"float64\", \"shape\": [2, 6], \"Corder\": true}, {\"__ndarray__\": [[-0.7432941456946801, 0.668964728961307], [-0.6689647311252122, -0.7432941184755287]], \"dtype\": \"float64\", \"shape\": [2, 2], \"Corder\": true}, {\"__ndarray__\": [[-0.19867985342817762, 0.6283802226045504, -0.09050027148545975, -0.03758099244309251, -0.613453978004639, -0.423953060117878, 0.06779106958315585, 0.28590396806388835, 0.438555231090576], [-0.19867985342817762, -0.01990344603608228, 0.7299496770733034, -0.14104702186930027, 0.32469038707665526, -0.5495320985957155, 0.3838446645778013, -0.2004884513749529, -0.10472228420377118], [-0.3311330890469627, -0.633435066208871, -0.43892273845447344, -0.2535205442859623, -0.14340166250116854, -0.46002284743082245, -0.07458037869098429, -0.2699469019343245, -0.2191885363908508], [-0.6622661780939254, -0.18639735135002108, 0.36215913008863815, 0.004953036445965793, -0.3776759807776949, 0.5028286182965227, 0.4177091930580276, 0.1436389013504632, 0.021576848549050585], [-0.39735970685635524, 0.3923822203549238, -0.28111997176341585, -0.5877098292244333, 0.47748142317422737, 0.189001746413778, 0.653712624945835, 0.5599015715923111, -0.3349419091263981], [-0.46358632466574773, 0.12163216963745348, -0.2369437147854647, 0.754316486484463, 0.35645290634149623, -0.13453242716634756, 0.050047631667178315, -0.13602121133518316, -0.3646226508726261]], \"dtype\": \"float64\", \"shape\": [6, 9], \"Corder\": true}, {\"__ndarray__\": [[0.19682713242519684, 0.22461329223643348, 0.08262513800720601, -0.08484027813353802, 0.7990860960847396, 0.1711865421194233, 0.35784780607832606, -0.05831346803142362], [0.19682713242519684, -0.12610613957326805, -0.0988655483856059, -0.026607476301273348, 0.20641298216044254, -0.8063399014866961, 0.0724650618754012, 0.4773913190225143], [-0.2952406986377953, -0.4245997963070756, -0.41716938855942454, 0.14383669279956898, 0.054466179905132146, -0.00012600909773444633, 0.6345725669810166, -0.24251455722145657], [-0.14762034931889764, -0.15384665951858756, -0.05440674157237067, -0.5935725278760408, 0.32266508495981483, -0.1783167464382292, -0.40323337743974286, -0.46207975813649327], [-0.4920678310629921, 0.3444919682506452, 0.014429084879669804, 0.4884038398028543, 0.36201753872696396, 0.018343317933693575, -0.253998421990896, 0.1528411274187216], [0.4428610479566929, -0.00608593052383938, -0.7397247170077375, 0.2828413478125909, 0.1077369929584357, 0.11646739931389764, -0.37002255072641715, -0.10283224039531977], [0.3444474817440945, -0.4398853891342825, 0.20927163123050746, -0.06729370858876677, 0.15865130868297814, 0.45773348787212403, -0.054553960612040264, 0.3962452290528088], [-0.24603391553149606, -0.6460993567639809, 0.20338379906597195, 0.321943293732743, 0.20902711345778632, -0.041143853594218044, -0.3060915395525503, -0.026162229859264582], [0.4428610479566929, -0.00608593052383938, 0.4169506627608547, 0.4385924778070927, -0.015787238896117977, -0.25219110894845825, 0.05756917338993835, -0.5520293730161402]], \"dtype\": \"float64\", \"shape\": [9, 8], \"Corder\": true}, {\"__ndarray__\": [[0.39557454095171996, 0.19536429232758384, 0.3549577864887925, -0.038085319647024156, 0.18190899974491698, -0.034068876022494116], [0.39557454095171996, 0.15016972474004925, -0.5166726065754793, -0.04748181903321733, 0.3209445553534677, 0.35978210141842887], [0.346127723332755, -0.5521693256139177, 0.08849225732951982, 0.21261182951957597, -0.2859344575319984, 0.5692910925244925], [-0.346127723332755, -0.3065274585492397, -0.23947915754167226, -0.10983131637399109, -0.2865723209764583, -0.23671800484759964], [-0.049446817618964994, 0.38233057174686347, 0.30355730884954946, -0.4711933995039986, -0.5690871743391988, 0.3715818135270818], [-0.19778727047585998, -0.05248757857625733, -0.5352614743306369, -0.433164978518301, -0.010950810283367087, 0.2499896988653914], [-0.29668090571378997, -0.2369123544207571, 0.36916771529607056, -0.45007996928582966, 0.6063824840291987, 0.2595041561475742], [-0.445021358570685, -0.17459026128099722, 0.13822327072348015, 0.4090544128234715, 0.05407144208208911, 0.33084516814477766], [-0.346127723332755, 0.5521693256139177, -0.08849225732951982, 0.39934404490749664, 0.07360657405955925, 0.3345139186826477]], \"dtype\": \"float64\", \"shape\": [9, 6], \"Corder\": true}, {\"__ndarray__\": [[-0.2760262235464655, -0.4671054340436015, 0.2278353724655292], [0.34503277943308186, 0.35681665103067667, -0.15073341806778617], [0.4830458912063146, -0.5197268793973345, -0.3113214858788311], [0.2760262235464655, -0.34023729137444364, 0.574178796396875], [0.0, -0.05045892033862782, -0.4668009805522949], [-0.552052447092931, 0.12542645902398125, 0.18965498802597158], [-0.4140393353196982, -0.24652786801775187, -0.4914562905826919], [-0.13801311177323275, -0.43538839837631205, -0.05802297321820973]], \"dtype\": \"float64\", \"shape\": [8, 3], \"Corder\": true}, {\"__ndarray__\": [[0.13018891081133235, 0.6015724394225168, 0.4861832067582848, 0.6203122829426039, 0.1167952063110986], [0.9113223756793264, -0.34278278225479936, -0.08818027936761648, 0.21027533044455665, -0.8677531652382646], [-0.39056673243399703, -0.5993023557995578, -0.04369293624566429, 0.6974132076867232, -0.2748787813591239], [0.0, 0.4018049874893309, -0.8682977894129191, 0.2908809109012297, -0.1554438280305258]], \"dtype\": \"float64\", \"shape\": [4, 5], \"Corder\": true}, {\"__ndarray__\": [[0.0, -0.3592902386278367, 0.2836531770481044, 0.3394966309684215, -0.5798525673297835, -0.4090249776663035], [-0.43685202794883954, -0.2024093107820022, 0.2590800137169127, -0.1149392798482037, -0.07351385996355818, 0.7394073457826932], [-0.0873704055897679, -0.2704276148782159, -0.33279950249491064, -0.6485321979975773, 0.14840724020963092, -0.31012531536814747], [-0.3494816223590716, 0.2835924472729157, 0.239057436257451, 0.40310393905870745, 0.5473033331776636, -0.2392611010668366], [0.0, -0.7185804772556734, 0.17595598182725952, 0.09268303596200934, 0.5236792402019959, -0.09754807409677137], [-0.2621112167693037, 0.2665878712488623, -0.3491816115980728, 0.0772152181221434, 0.06362786431463949, -0.12166880501342349], [-0.6989632447181432, 0.06417856046686006, 0.2360237123429643, -0.29406342981031325, -0.2107621224679508, -0.31130706610567366], [0.3494816223590716, 0.291271934531623, 0.6898687958158695, -0.432918658298327, 0.11870947559776093, -0.10639897133728252]], \"dtype\": \"float64\", \"shape\": [8, 6], \"Corder\": true}, {\"__ndarray__\": [[0.5547001946867677, 0.8320502872224593, -0.8900756664025232, -0.0993065317221876, -0.3130584946658131, -0.13007670571778865, -0.34026848151462014], [-0.8320502920301515, 0.554700201481639, 0.24307285189927327, 0.37925355280666523, 0.5883206414367209, 0.13556396869625684, -0.18181768953818922]], \"dtype\": \"float64\", \"shape\": [2, 7], \"Corder\": true}, {\"__ndarray__\": [[0.47963209655063366, -0.45805947780140377, 0.3546619248273044, -0.6590519557415311], [0.5481509674864384, 0.032317077497908124, -0.8326790448404501, -0.07163608190425613], [0.5481509674864384, -0.2669671813402909, 0.28691939906273833, 0.7388750226296044], [0.4111132256148288, 0.8472695199284785, 0.31390728536732665, -0.12075796505690596]], \"dtype\": \"float64\", \"shape\": [4, 4], \"Corder\": true}, {\"__ndarray__\": [[0.4351941395104567, 0.6818459510778906, 0.5126872871728817, -0.09761375638416785, -0.27076827238420803, 0.20534298320781885, -0.38110947391043715], [-0.261116483706274, 0.5340924768788922, -0.03904138283151831, 0.21502732478599204, 0.7738232477739635, -0.617202083750689, 0.33640733619161167], [-0.08703882790209133, 0.3911833787394334, -0.598177830309158, 0.5095284982589579, -0.471130339762151, 0.1786753427841979, 0.16489433742587398], [-0.3481553116083653, -0.1937750482256382, 0.6073773243409055, 0.6728410658162064, -0.14005996885696875, 0.14698483237906726, 0.5786911735181339], [0.783349451118822, -0.2434299045404349, -0.09435879445161005, 0.48156039266793027, 0.293771207532286, -0.34412813382906354, 0.13621206648512124]], \"dtype\": \"float64\", \"shape\": [5, 7], \"Corder\": true}, {\"__ndarray__\": [[-0.5263613556214948, -0.20804539527585467, 0.5082023104212563, -0.26013869103108656, -0.4396400318939937, -0.3968273399234189, -0.05444091348620158, -0.40107477379393114], [0.06579516945268685, -0.4040789325699411, 0.12112125949848165, 0.6988376058484703, -0.40943618749500826, 0.2299175177197616, 0.32991937651853603, -0.3445976295164747], [0.32897584726343426, 0.42137600903346983, -0.16521694544301005, -0.169234612277592, -0.7785614762002487, 0.1303492790161454, -0.18743331784936249, 0.07263026761993617], [0.1315903389053737, 0.3017378948070157, 0.6497067105213795, -0.2386253159164445, 0.11170894690784447, 0.4746244040799121, 0.418126967394777, 0.09364226309262583], [0.06579516945268685, 0.594827251382267, 0.30160427788071265, 0.5487665684907064, 0.10774263831257176, -0.47966851579753794, -0.08972894567240196, -0.5368158890490625], [-0.6579516945268685, 0.2671437418799581, -0.0602508632598939, 0.23301380476049055, 0.010633087046540283, 0.5428542100428478, -0.378159267950022, -0.05087278609213851], [-0.3947710167161211, 0.3156716515205406, -0.42784260504161475, -0.05414134218019551, -0.0933822757913479, -0.15044652629363012, 0.7260662951742831, 0.17679731144585656]], \"dtype\": \"float64\", \"shape\": [7, 8], \"Corder\": true}, {\"__ndarray__\": [[-0.9615239463200684, -0.2747211264869234, -0.6612530099699742, -0.26002994726441453, -0.19208756513443415, -0.4548490783645829, -0.11115145158882667, 0.33427768116031525, 0.03881142318131222], [0.2747211275200196, -0.9615239468025923, -0.2231389015763188, 0.6383508679710233, -0.42666731924740836, -0.09343290181260544, 0.4625116577100631, 0.289061187109987, 0.10779012623233636]], \"dtype\": \"float64\", \"shape\": [2, 9], \"Corder\": true}, {\"__ndarray__\": [[0.0, -0.5070507804394367, 0.16639372678468098], [0.3529411762629758, -0.3641564237315368, 0.28365476125801886], [-0.3529411762629758, -0.42458923472980914, 0.3602142661884513], [0.3529411762629758, -0.026122570105245674, -0.617608037939226], [0.5294117643944637, 0.4678669252815682, 0.5486564083219689], [-0.470588235017301, 0.27896565442598226, -0.10101166972606807], [0.3529411762629758, -0.3641564237315368, -0.2634993027471441]], \"dtype\": \"float64\", \"shape\": [7, 3], \"Corder\": true}, {\"__ndarray__\": [[0.33567254303698546, -0.04298405814345845, -0.38987798019865966, 0.5942636011593122, -0.09509244670572502, -0.21606575072976977], [0.0, -0.1453270531423797, -0.8464433616612815, -0.43035622664180695, -0.22151078307845157, 0.0766296497724207], [0.08391813575924637, -0.047077777821459534, -0.1339738160277416, 0.4931841795869168, -0.0013987410891164944, -0.3341718523575897], [0.0, -0.6539717391407086, 0.19343960251837447, -0.2801241949569914, -0.0706480356853197, -0.6624600300879775], [0.41959067879623185, 0.6365734297469804, 0.10617375508527924, -0.3122694172704487, -0.3505110940179306, -0.4319035258318036], [-0.5035088145554782, -0.008187439356002198, 0.11156485534242179, 0.20578110423083262, -0.8293660512642566, 0.0484767797681922], [0.6713450860739709, -0.37662222257167627, 0.22900075902616313, -0.009275612507156061, -0.35523403487028243, 0.4561016479387353]], \"dtype\": \"float64\", \"shape\": [7, 6], \"Corder\": true}, {\"__ndarray__\": [[-0.4016096641286688, 0.5024033361193245], [0.4016096641286688, 0.030970068066281442], [-0.8032193282573376, -0.16861481696968408], [-0.1606438656514675, 0.07295171744318439], [0.0, 0.21334936167424237], [-0.08032193282573374, -0.8169215879753774]], \"dtype\": \"float64\", \"shape\": [6, 2], \"Corder\": true}, {\"__ndarray__\": [[-0.3054236107041959, -0.27933235642019105, -0.42906013779889846, -0.5451311071669968], [0.12216944428167835, 0.5119926399724508, 0.029424459283753396, -0.020063828086758183], [0.0, -0.250162310877734, 0.5219124116153779, -0.6596329327997726], [-0.5497624992675526, 0.1351156511818777, 0.6194006219902919, 0.20277357695969345], [-0.2443388885633567, -0.5862012359088671, 0.11595028657645154, 0.3295188326521849], [0.36650833284503503, -0.09007710078791847, 0.23847333664209472, -0.003910199013521269], [-0.5497624992675526, 0.0725750734624442, -0.293853081169759, 0.12415030998685377], [-0.3054236107041959, 0.4711545762130109, 0.04825212007578433, -0.3196647245260029]], \"dtype\": \"float64\", \"shape\": [8, 4], \"Corder\": true}, {\"__ndarray__\": [[-0.9938837335760577, 0.11043152703784083, -0.5200518289756898, -0.0034870061777359574, 0.2963720824794588, -0.580897961961991, 0.29541642549304337, -0.4163835808440841, 0.26001988292783224], [0.1104315259528953, 0.9938837329957382, -0.1767832717040441, -0.7603488097619078, 0.43572497822462414, 0.33760579816176906, 0.201158001382733, 0.18392611813665888, 0.0914497466077806]], \"dtype\": \"float64\", \"shape\": [2, 9], \"Corder\": true}, {\"__ndarray__\": [[-0.6467616662406788, 0.2760549823214085, -0.2536273740415399, 0.47289541653876255], [0.0, -0.5923760481287036, -0.18787861885747956, -0.412117791898194], [0.3233808331203394, 0.6024425690001751, -0.6144493201725065, -0.3703805786515751], [0.24253562484025454, -0.43673214544292394, -0.6577756766099363, 0.4967297802059622], [-0.6467616662406788, -0.13860825136868396, -0.3002631654361125, -0.4718120375116799]], \"dtype\": \"float64\", \"shape\": [5, 4], \"Corder\": true}, {\"__ndarray__\": [[0.0, 0.4788220585699352, -0.7313614948878968, -0.11159843601733273, -0.18204380477604548, 0.06907239677536459, -0.3416567858966272, -0.2621932176697072], [0.3947710167161211, 0.15546170719333774, 0.17168442677278764, 0.4497444425419965, -0.398172247342805, -0.42824200445793265, -0.3982428093062412, 0.2961624627391042], [-0.3947710167161211, -0.5278788638588429, -0.472377638316008, 0.13983959621875774, 0.1641804092646328, -0.23054795662751246, -0.23898457033376094, 0.4307932341288648], [0.06579516945268685, 0.38946036603902556, 0.1533380806432009, -0.4578131933481614, 0.38513717709418915, 0.10891847074224582, -0.28318915947229484, 0.6086839476869075], [-0.19738550835806054, 0.1616801756882987, 0.18390275709265327, 0.5773815258895872, 0.5353139901682041, 0.24476290039245677, -0.3924508904156316, -0.2592704840713397], [-0.5263613556214948, 0.34247638358177157, 0.1799318816078391, -0.12799276665313236, 0.0816325890813834, -0.7123714298862541, 0.09142903794962112, -0.1854718733707925], [0.5921565250741817, -0.21902827230382108, -0.15537720076908945, -0.17060881586404977, 0.5284071783793106, -0.42042292518787844, -0.05623791192073438, -0.2983211999547251], [0.1315903389053737, 0.353301124460331, -0.3140761679925698, 0.4210329529792392, 0.246158419205655, -0.0518152826427865, 0.6494797189885032, 0.31120252757108796]], \"dtype\": \"float64\", \"shape\": [8, 8], \"Corder\": true}, {\"__ndarray__\": [[0.09841356621259842, -0.6111514232656441, -0.26317850152181643, -0.5513810276556715], [-0.14762034931889764, 0.06706755962843473, 0.3436536813996367, -0.25542035565648763], [0.2952406986377953, -0.0774911475722007, 0.22996249635017485, 0.251526651363628], [0.24603391553149606, 0.3980164791146276, -0.367637630557914, 0.2300038690694679], [-0.14762034931889764, 0.46357536142111605, -0.4855378869365513, -0.478178497924333], [-0.4920678310629921, -0.34288118475190515, -0.2809633579702064, 0.1680641466423848], [-0.4920678310629921, 0.3368464754641199, 0.307284975816784, -0.21858809906772364], [-0.4428610479566929, -0.08201717953803962, -0.3384650792329945, 0.4576808336979869], [0.3444474817440945, 0.07008491427232734, -0.3176931398558468, -0.020475109793948523]], \"dtype\": \"float64\", \"shape\": [9, 4], \"Corder\": true}, {\"__ndarray__\": [[0.41803980828370846, -0.18671702842111057, 0.35229869417654347, -0.45895287285049835, -0.5619331744380651], [-0.13934660276123614, -0.41262158114594266, -0.39077662381720085, 0.11997776739507651, 0.20115513099925883], [0.4877131096643265, 0.13830890980677224, -0.11630468783949852, -0.051029423764379744, 0.36958523004505583], [0.6270597124255627, 0.3926436274128328, -0.1963680746491275, 0.11746259173801704, 0.1701167745842499], [0.3483665069030904, -0.5117429666489934, -0.48101370223271334, 0.2531018888807579, -0.3490573897043446], [-0.06967330138061807, 0.22897808416170432, -0.08043945688274548, 0.47959245878154727, -0.4539609866871066], [0.06967330138061807, 0.1